              precision    recall  f1-score   support

           0       1.00      1.00      1.00        14
           1       1.00      1.00      1.00        14
           2       1.00      1.00      1.00        14
           3       1.00      1.00      1.00        13
           4       0.93      1.00      0.97        14
           5       1.00      1.00      1.00        14
           6       1.00      1.00      1.00        15
           7       1.00      1.00      1.00        14
           8       1.00      1.00      1.00        14
           9       0.93      1.00      0.97        14
          10       1.00      1.00      1.00        14
          11       1.00      1.00      1.00        14
          12       0.79      0.79      0.79        14
          13       1.00      1.00      1.00         3
          14       1.00      0.77      0.87        13
          17       0.70      0.70      0.70        10
          18       0.93      1.00      0.96        13
          19       1.00      0.67      0.80         3
          20       1.00      1.00      1.00        13
          21       1.00      1.00      1.00        13
          22       1.00      1.00      1.00        13
          23       1.00      1.00      1.00        12
          24       0.93      1.00      0.96        13
          25       0.93      1.00      0.96        13
          26       1.00      0.92      0.96        13
          27       0.88      0.88      0.88        16
          28       1.00      1.00      1.00        13
          29       1.00      1.00      1.00        15
          30       0.67      0.83      0.74        12
          31       1.00      1.00      1.00        12
          32       1.00      1.00      1.00        13
          33       0.79      1.00      0.88        11
          34       1.00      1.00      1.00        13
          35       1.00      1.00      1.00        13
          36       1.00      0.86      0.92        14
          37       1.00      0.93      0.97        15
          38       0.79      0.92      0.85        12
          39       1.00      1.00      1.00        13
          40       1.00      0.85      0.92        13
          41       0.87      1.00      0.93        13
          42       0.93      0.93      0.93        14
          43       1.00      0.85      0.92        13
          44       0.80      1.00      0.89        12
          45       1.00      0.77      0.87        13
          46       1.00      0.77      0.87        13
          47       1.00      1.00      1.00        13
          48       1.00      1.00      1.00        13
          49       0.72      1.00      0.84        13
          50       1.00      1.00      1.00        13
          51       1.00      0.92      0.96        13
          52       0.81      1.00      0.90        13
          53       1.00      1.00      1.00        12
          54       1.00      1.00      1.00        13
          55       1.00      0.92      0.96        13
          56       1.00      1.00      1.00        13
          57       1.00      1.00      1.00        13
          58       1.00      1.00      1.00        13
          59       1.00      1.00      1.00        13
          60       0.75      1.00      0.86        15
          61       0.87      1.00      0.93        13
          62       1.00      1.00      1.00        14
          63       1.00      1.00      1.00        14
          64       1.00      1.00      1.00        15
          65       1.00      1.00      1.00        14
          66       1.00      1.00      1.00        14
          67       1.00      1.00      1.00        13
          68       1.00      1.00      1.00        14
          69       1.00      1.00      1.00        13
          70       1.00      0.85      0.92        13
          71       1.00      0.50      0.67        12
          72       1.00      1.00      1.00        12
          73       0.92      1.00      0.96        12
          74       1.00      1.00      1.00        13
          75       0.80      0.62      0.70        13
          76       1.00      1.00      1.00        13
          77       0.93      1.00      0.96        13
          78       0.81      1.00      0.90        13
          79       1.00      1.00      1.00        13
          80       1.00      1.00      1.00        13
          81       0.93      1.00      0.96        13
          82       1.00      0.92      0.96        13
          83       0.93      1.00      0.96        13
          84       0.93      1.00      0.96        13
          85       1.00      0.92      0.96        13
          86       1.00      1.00      1.00         8
          87       1.00      1.00      1.00        12
          88       1.00      1.00      1.00        13
          89       1.00      1.00      1.00        13
          90       1.00      1.00      1.00        14
          91       0.76      1.00      0.87        13
          92       1.00      0.43      0.60        14
          93       1.00      1.00      1.00        13
          94       1.00      1.00      1.00        10
          95       1.00      1.00      1.00        13
          96       1.00      0.92      0.96        13
          97       1.00      1.00      1.00        12
          98       1.00      0.62      0.76        13
          99       0.88      1.00      0.93        14

    accuracy                           0.95      1264
   macro avg       0.96      0.95      0.95      1264
weighted avg       0.96      0.95      0.95      1264
